1.54056
5   0   4.4
5.02   0   4.4
5.04   0   4.4
5.06   0   4.4
5.08   0   4.4
5.1   0   4.4
5.12   0   4.4
5.14   0   4.4
5.16   0   4.4
5.18   0   4.4
5.2   0   4.4
5.22   0   4.4
5.24   0   4.4
5.26   0   4.4
5.28   0   4.4
5.3   0   4.4
5.32   0   4.4
5.34   0   4.4
5.36   0   4.4
5.38   0   4.4
5.4   0   4.4
5.42   0   4.4
5.44   0   4.4
5.46   0   4.4
5.48   0   4.4
5.5   0   4.4
5.52   0   4.4
5.54   0   4.4
5.56   0   4.4
5.58   0   4.4
5.6   0   4.4
5.62   0   4.4
5.64   0   4.4
5.66   0   4.4
5.68   0   4.4
5.7   0   4.4
5.72   0   4.4
5.74   0   4.4
5.76   0   4.4
5.78   0   4.4
5.8   0   4.4
5.82   0   4.4
5.84   0   4.4
5.86   0   4.4
5.88   0   4.4
5.9   0   4.4
5.92   0   4.4
5.94   0   4.4
5.96   0   4.4
5.98   0   4.4
6   0   4.4
6.02   0   4.4
6.04   0   4.4
6.06   0   4.4
6.08   0   4.4
6.1   0   4.4
6.12   0   4.4
6.14   0   4.4
6.16   0   4.4
6.18   0   4.4
6.2   0   4.4
6.22   0   4.4
6.24   0   4.4
6.26   0   4.4
6.28   0   4.4
6.3   0   4.4
6.32   0   4.4
6.34   0   4.4
6.36   0   4.4
6.38   0   4.4
6.4   0   4.4
6.42   0   4.4
6.44   0   4.4
6.46   0   4.4
6.48   0   4.4
6.5   0   4.4
6.52   0   4.4
6.54   0   4.4
6.56   0   4.4
6.58   0   4.4
6.6   0   4.4
6.62   0   4.4
6.64   0   4.4
6.66   0   4.4
6.68   0   4.4
6.7   0   4.4
6.72   0   4.4
6.74   0   4.4
6.76   0   4.4
6.78   0   4.4
6.8   0   4.4
6.82   0   4.4
6.84   0   4.4
6.86   0   4.4
6.88   0   4.4
6.9   0   4.4
6.92   0   4.4
6.94   0   4.4
6.96   0   4.4
6.98   0   4.4
7   0   4.4
7.02   0   4.4
7.04   0   4.4
7.06   0   4.4
7.08   0   4.4
7.1   0   4.4
7.12   0   4.4
7.14   0   4.4
7.16   0   4.4
7.18   0   4.4
7.2   0   4.4
7.22   0   4.4
7.24   0   4.4
7.26   0   4.4
7.28   0   4.4
7.3   0   4.4
7.32   0   4.4
7.34   0   4.4
7.36   0   4.4
7.38   0   4.4
7.4   0   4.4
7.42   0   4.4
7.44   0   4.4
7.46   0   4.4
7.48   0   4.4
7.5   0   4.4
7.52   0   4.4
7.54   0   4.4
7.56   0   4.4
7.58   0   4.4
7.6   0   4.4
7.62   0   4.4
7.64   0   4.4
7.66   0   4.4
7.68   0   4.4
7.7   0.851507   4.4
7.72   0.932241   4.4
7.74   0.958509   4.4
7.76   0.985902   4.4
7.78   1.01449   4.4
7.8   1.21243   4.4
7.82   1.24836   4.4
7.84   1.28591   4.4
7.86   1.32517   4.4
7.88   1.36626   4.4
7.9   1.4093   4.4
7.92   1.45439   4.4
7.94   1.50169   4.4
7.96   1.55133   4.4
7.98   1.60348   4.4
8   1.6583   4.4
8.02   1.71598   4.4
8.04   1.77672   4.4
8.06   1.84074   4.4
8.08   1.90829   4.4
8.1   1.97962   4.4
8.12   2.05503   4.4
8.14   2.13483   4.4
8.16   2.21937   4.4
8.18   2.30903   4.4
8.2   2.40424   4.4
8.22   2.50545   4.4
8.24   2.61319   4.4
8.26   2.72804   4.4
8.28   2.85062   4.4
8.3   2.98165   4.4
8.32   3.12192   4.4
8.34   3.27232   4.4
8.36   3.43386   4.4
8.38   3.60766   4.4
8.4   3.79499   4.4
8.42   3.99729   4.4
8.44   4.2162   4.4
8.46   4.45358   4.4
8.48   4.71158   4.4
8.5   4.99266   4.4
8.52   5.29964   4.4
8.54   5.63581   4.4
8.56   6.00498   4.4
8.58   6.41161   4.4
8.6   6.86095   4.4
8.62   7.35918   4.4
8.64   7.91366   4.4
8.66   8.53316   4.4
8.68   9.22824   4.4
8.7   10.0117   4.4
8.72   10.8992   4.4
8.74   11.9098   4.4
8.76   13.0674   4.4
8.78   14.402   4.4
8.8   15.9512   4.4
8.82   17.7637   4.4
8.84   19.9021   4.46118
8.86   22.4492   4.73806
8.88   25.5154   5.05128
8.9   29.2506   5.40838
8.92   33.8626   5.81916
8.94   39.6451   6.29644
8.96   47.0244   6.85743
8.98   56.6399   7.52595
9   69.5045   8.33694
9.02   87.3684   9.34711
9.04   113.572   10.657
9.06   154.734   12.4392
9.08   223.013   14.9336
9.1   336.942   18.356
9.12   516.348   22.7233
9.14   758.258   27.5365
9.16   965.727   31.0762
9.18   957.354   30.9411
9.2   770.392   27.7559
9.22   588.293   24.2548
9.24   460.889   21.4683
9.26   351.113   18.738
9.28   251.217   15.8498
9.3   176.466   13.2841
9.32   126.501   11.2473
9.34   94.1224   9.70167
9.36   72.901   8.53821
9.38   58.4261   7.64369
9.4   48.0435   6.93134
9.42   40.2672   6.34565
9.44   34.2576   5.853
9.46   29.5068   5.43201
9.48   25.6833   5.06787
9.5   22.5598   4.74971
9.52   19.9747   4.46931
9.54   17.8108   4.4
9.56   15.9811   4.4
9.58   14.4201   4.4
9.6   13.0774   4.4
9.62   11.9141   4.4
9.64   10.8997   4.4
9.66   10.0096   4.4
9.68   9.22436   4.4
9.7   8.52811   4.4
9.72   7.90788   4.4
9.74   7.35298   4.4
9.76   6.85453   4.4
9.78   6.40514   4.4
9.8   6.03517   4.4
9.82   11.9981   4.4
9.84   11.8426   4.4
9.86   11.7241   4.4
9.88   11.6397   4.4
9.9   11.5872   4.4
9.92   11.5645   4.4
9.94   11.57   4.4
9.96   17.0512   4.4
9.98   17.2631   4.4
10   17.5069   4.4
10.02   17.7824   4.4
10.04   18.0897   4.4
10.06   18.4292   4.4
10.08   18.8014   4.4
10.1   19.2071   4.4
10.12   19.6473   4.43253
10.14   20.1232   4.48589
10.16   20.6361   4.5427
10.18   21.1879   4.60303
10.2   21.7803   4.66694
10.22   22.4156   4.73451
10.24   23.0963   4.80586
10.26   23.825   4.88109
10.28   24.6051   4.96035
10.3   25.4398   5.04379
10.32   26.3332   5.13158
10.34   27.2895   5.22394
10.36   28.3137   5.32106
10.38   29.4112   5.42321
10.4   30.5882   5.53066
10.42   31.8513   5.6437
10.44   33.2084   5.76267
10.46   34.6679   5.88795
10.48   36.2397   6.01995
10.5   37.9347   6.15912
10.52   39.7653   6.30597
10.54   41.7456   6.46108
10.56   43.8915   6.62507
10.58   46.2215   6.79864
10.6   48.7565   6.98259
10.62   51.5207   7.17779
10.64   54.4873   7.38155
10.66   56.975   7.54818
10.68   60.6359   7.7869
10.7   64.6672   8.04159
10.72   68.9593   8.30418
10.74   73.9013   8.59659
10.76   79.4005   8.9107
10.78   85.5448   9.24904
10.8   92.4402   9.61458
10.82   100.216   10.0108
10.84   109.03   10.4417
10.86   119.078   10.9123
10.88   130.605   11.4283
10.9   143.92   11.9967
10.92   159.417   12.626
10.94   177.608   13.327
10.96   199.164   14.1126
10.98   224.982   14.9994
11   256.278   16.0087
11.02   294.739   17.168
11.04   342.76   18.5138
11.06   403.829   20.0955
11.08   483.244   21.9828
11.1   589.602   24.2817
11.12   738.299   27.1717
11.14   959.377   30.9738
11.16   1311.18   36.2103
11.18   1894.08   43.521
11.2   2844.39   53.3328
11.22   4264.83   65.3057
11.24   5947.02   77.1169
11.26   6860.97   82.831
11.28   6129.95   78.294
11.3   4735.18   68.8126
11.32   3751.48   61.2493
11.34   3474.1   58.9415
11.36   3910.12   62.531
11.38   4913.2   70.0942
11.4   5884   76.7073
11.42   5768.86   75.953
11.44   4511.74   67.1695
11.46   3111.21   55.7782
11.48   2077.12   45.5754
11.5   1416.47   37.6361
11.52   1014.75   31.8551
11.54   767.171   27.6978
11.56   605.571   24.6083
11.58   492.784   22.1987
11.6   409.857   20.2449
11.62   346.691   18.6197
11.64   297.35   17.2438
11.66   258.029   16.0633
11.68   226.162   15.0387
11.7   199.96   14.1407
11.72   178.14   13.3469
11.74   159.766   12.6399
11.76   144.142   12.0059
11.78   130.737   11.434
11.8   119.147   10.9155
11.82   109.055   10.4429
11.84   100.21   10.0105
11.86   92.4123   9.61313
11.88   85.502   9.24673
11.9   79.3477   8.90773
11.92   73.8421   8.59314
11.94   68.8962   8.30037
11.96   64.436   8.02721
11.98   60.3995   7.77171
12   56.7341   7.53221
12.02   53.3954   7.30722
12.04   50.3455   7.09545
12.06   47.5516   6.89576
12.08   44.9857   6.70714
12.1   42.6235   6.52867
12.12   40.4439   6.35955
12.14   38.4284   6.19907
12.16   36.5609   6.04656
12.18   34.827   5.90144
12.2   33.2144   5.76319
12.22   31.7118   5.63133
12.24   30.3095   5.50541
12.26   28.9987   5.38504
12.28   27.7715   5.26987
12.3   26.621   5.15955
12.32   25.5408   5.05379
12.34   24.5254   4.95231
12.36   23.5696   4.85485
12.38   22.6688   4.76118
12.4   21.8189   4.67108
12.42   21.0161   4.58434
12.44   20.257   4.50078
12.46   19.5384   4.42023
12.48   18.8576   4.4
12.5   18.2118   4.4
12.52   17.5987   4.4
12.54   17.0162   4.4
12.56   16.4622   4.4
12.58   15.9349   4.4
12.6   15.4327   4.4
12.62   14.9538   4.4
12.64   14.497   4.4
12.66   14.0609   4.4
12.68   13.6441   4.4
12.7   13.2457   4.4
12.72   6.71281   4.4
12.74   6.5128   4.4
12.76   6.286   4.4
12.78   6.10403   4.4
12.8   5.92984   4.4
12.82   5.763   4.4
12.84   5.6031   4.4
12.86   3.84862   4.4
12.88   0   4.4
12.9   0   4.4
12.92   0   4.4
12.94   4.70498   4.4
12.96   4.83847   4.4
12.98   4.97772   4.4
13   5.12306   4.4
13.02   5.27486   4.4
13.04   5.43351   4.4
13.06   5.59942   4.4
13.08   5.77305   4.4
13.1   5.95487   4.4
13.12   6.14541   4.4
13.14   6.60506   4.4
13.16   16.3673   4.4
13.18   16.8659   4.4
13.2   17.3879   4.4
13.22   17.9347   4.4
13.24   18.5079   4.4
13.26   19.1092   4.4
13.28   19.7405   4.44303
13.3   20.4039   4.51707
13.32   21.1016   4.59364
13.34   21.8359   4.6729
13.36   22.6097   4.75497
13.38   23.4257   4.84001
13.4   24.2872   4.9282
13.42   25.1975   5.01971
13.44   26.1605   5.11473
13.46   27.1804   5.21349
13.48   28.2619   5.31619
13.5   29.4099   5.42309
13.52   30.6302   5.53446
13.54   31.9291   5.65059
13.56   33.3135   5.77179
13.58   34.7912   5.89841
13.6   36.371   6.03083
13.62   38.0625   6.16948
13.64   39.9521   6.32077
13.66   41.9036   6.4733
13.68   44.0041   6.63356
13.7   46.2698   6.80219
13.72   48.7186   6.97987
13.74   51.3712   7.16737
13.76   54.2514   7.36556
13.78   57.3866   7.57539
13.8   60.8084   7.79798
13.82   64.5539   8.03454
13.84   68.6661   8.2865
13.86   73.1959   8.55546
13.88   78.2034   8.84327
13.9   83.7603   9.15206
13.92   89.9525   9.48433
13.94   96.8839   9.84296
13.96   104.681   10.2314
13.98   113.5   10.6537
14   123.535   11.1146
14.02   135.028   11.6202
14.04   148.289   12.1774
14.06   163.715   12.7951
14.08   181.828   13.4844
14.1   203.319   14.259
14.12   229.123   15.1368
14.14   260.536   16.1411
14.16   299.386   17.3028
14.18   348.339   18.6638
14.2   411.447   20.2842
14.22   495.312   22.2556
14.24   611.848   24.7356
14.26   784.374   28.0067
14.28   1057.94   32.526
14.3   1508.9   38.8445
14.32   2238.19   47.3095
14.34   3313.22   57.5605
14.36   4542.73   67.3998
14.38   5117.25   71.535
14.4   4471.48   66.8691
14.42   3384.31   58.1748
14.44   2560.98   50.6061
14.46   2135.89   46.2157
14.48   2074.43   45.5459
14.5   2372.02   48.7034
14.52   3116.7   55.8274
14.54   4476.38   66.9058
14.56   6565.62   81.0285
14.58   8967.8   94.6985
14.6   10000   100
14.62   8472.82   92.0479
14.64   5964.99   77.2334
14.66   3921.94   62.6254
14.68   2579.31   50.7869
14.7   1766.62   42.0312
14.72   1281.12   35.7927
14.74   978.263   31.2772
14.76   775.807   27.8533
14.78   631.922   25.1381
14.8   525.234   22.918
14.82   443.796   21.0665
14.84   380.254   19.5001
14.86   329.781   18.1599
14.88   289.092   17.0027
14.9   255.898   15.9968
14.92   228.582   15.1189
14.94   205.998   14.3526
14.96   187.372   13.6884
14.98   172.272   13.1252
15   160.683   12.6761
15.02   153.151   12.3754
15.04   150.836   12.2815
15.06   155.111   12.4543
15.08   165.703   12.8726
15.1   174.974   13.2278
15.12   167.162   12.9291
15.14   143.171   11.9654
15.16   118.533   10.8873
15.18   99.7825   9.98912
15.2   86.6353   9.30781
15.22   77.3778   8.79647
15.24   70.512   8.39714
15.26   65.077   8.06703
15.28   60.5474   7.78122
15.3   56.6468   7.52641
15.32   53.2191   7.29514
15.34   50.1653   7.08274
15.36   47.4169   6.88599
15.38   44.9239   6.70253
15.4   42.6483   6.53057
15.42   40.5606   6.36872
15.44   38.6369   6.21586
15.46   36.858   6.07108
15.48   35.2078   5.93361
15.5   33.6727   5.80282
15.52   32.2412   5.67814
15.54   30.9035   5.55909
15.56   29.6508   5.44525
15.58   28.4756   5.33625
15.6   27.3713   5.23176
15.62   26.332   5.13147
15.64   25.3525   5.03512
15.66   24.4279   4.94246
15.68   23.6974   4.868
15.7   22.8748   4.78276
15.72   22.0961   4.70065
15.74   21.358   4.62148
15.76   20.6579   4.5451
15.78   19.9931   4.47136
15.8   19.3613   4.40014
15.82   18.7603   4.4
15.84   13.636   4.4
15.86   13.213   4.4
15.88   12.8106   4.4
15.9   12.4275   4.4
15.92   12.0627   4.4
15.94   12.7773   4.4
15.96   13.3112   4.4
15.98   13.0498   4.4
16   12.8052   4.4
16.02   12.5768   4.4
16.04   12.3639   4.4
16.06   2.67117   4.4
16.08   2.74238   4.4
16.1   2.81783   4.4
16.12   2.89773   4.4
16.14   2.98231   4.4
16.16   3.07185   4.4
16.18   3.16664   4.4
16.2   3.26701   4.4
16.22   3.37331   4.4
16.24   3.48596   4.4
16.26   3.60537   4.4
16.28   3.73204   4.4
16.3   3.86651   4.4
16.32   4.03503   4.4
16.34   4.18763   4.4
16.36   4.35003   4.4
16.38   4.52303   4.4
16.4   4.70754   4.4
16.42   4.90457   4.4
16.44   5.11524   4.4
16.46   5.3408   4.4
16.48   5.58268   4.4
16.5   5.84248   4.4
16.52   6.12201   4.4
16.54   6.42331   4.4
16.56   6.74873   4.4
16.58   7.10095   4.4
16.6   7.40976   4.4
16.62   7.82722   4.4
16.64   8.28218   4.4
16.66   8.77945   4.4
16.68   9.32471   4.4
16.7   9.92467   4.4
16.72   10.5873   4.4
16.74   11.3223   4.4
16.76   12.1413   4.4
16.78   13.0587   4.4
16.8   14.0922   4.4
16.82   15.2643   4.4
16.84   16.6036   4.4
16.86   18.1474   4.4
16.88   19.9453   4.46602
16.9   22.0647   4.6973
16.92   25.314   5.0313
16.94   29.4293   5.42488
16.96   33.3326   5.77344
16.98   38.3705   6.19439
17   45.234   6.72562
17.02   55.2423   7.43252
17.04   70.6602   8.40596
17.06   94.9054   9.74194
17.08   130.56   11.4263
17.1   172.537   13.1353
17.12   199.234   14.115
17.14   189.459   13.7644
17.16   165.859   12.8786
17.18   148.369   12.1807
17.2   145.231   12.0512
17.22   156.06   12.4924
17.24   180.995   13.4534
17.26   223.795   14.9598
17.28   294.969   17.1747
17.3   415.558   20.3852
17.32   618.747   24.8746
17.34   941.079   30.677
17.36   1379.06   37.1356
17.38   1774.75   42.1278
17.4   1828.33   42.7589
17.42   1489.8   38.5979
17.44   1038.84   32.2311
17.46   683.851   26.1505
17.48   453.496   21.2954
17.5   314.679   17.7392
17.52   231.627   15.2193
17.54   179.719   13.4059
17.56   145.114   12.0463
17.58   120.738   10.9881
17.6   102.943   10.1461
17.62   89.6785   9.46988
17.64   79.7058   8.92781
17.66   72.2608   8.50063
17.68   66.9282   8.18097
17.7   63.6087   7.97551
17.72   62.5001   7.9057
17.74   63.9652   7.99782
17.76   67.9929   8.24578
17.78   72.4379   8.51105
17.8   71.9246   8.48084
17.82   65.4949   8.09289
17.84   58.3902   7.64135
17.86   53.3736   7.30572
17.88   50.5351   7.10881
17.9   49.3212   7.0229
17.92   49.2198   7.01568
17.94   49.9069   7.06448
17.96   51.2248   7.15715
17.98   53.1196   7.28832
18   55.5962   7.45628
18.02   58.6975   7.66143
18.04   62.4992   7.90565
18.06   67.1123   8.19221
18.08   72.6903   8.52586
18.1   79.4425   8.91305
18.12   87.6545   9.3624
18.14   97.7199   9.88534
18.16   110.19   10.4971
18.18   125.853   11.2184
18.2   145.874   12.0778
18.22   172.054   13.117
18.24   207.42   14.4021
18.26   257.585   16.0495
18.28   333.577   18.2641
18.3   455.963   21.3533
18.32   657.305   25.638
18.34   975.534   31.2335
18.36   1418.64   37.6648
18.38   1850.71   43.0199
18.4   1939.57   44.0406
18.42   1639.38   40.4892
18.44   1296.72   36.01
18.46   1114.04   33.3772
18.48   1115.91   33.4052
18.5   1254.44   35.4181
18.52   1464.11   38.2637
18.54   1731.31   41.609
18.56   2010.33   44.8368
18.58   2304.43   48.0045
18.6   2599.46   50.9849
18.62   2575.06   50.7451
18.64   2071.99   45.5191
18.66   1447.1   38.0408
18.68   966.91   31.0952
18.7   655.219   25.5972
18.72   464.756   21.5582
18.74   348.059   18.6564
18.76   272.874   16.5189
18.78   221.1   14.8694
18.8   183.427   13.5435
18.82   154.956   12.4481
18.84   132.858   11.5264
18.86   113.649   10.6606
18.88   99.46   9.97296
18.9   87.9338   9.3773
18.92   78.4001   8.85438
18.94   70.4119   8.39118
18.96   63.652   7.97822
18.98   57.8812   7.60797
19   52.9166   7.27438
19.02   48.6162   6.97253
19.04   44.8682   6.69837
19.06   41.5841   6.44857
19.08   38.6927   6.22035
19.1   36.1365   6.01136
19.12   33.8683   5.81965
19.14   31.8495   5.64354
19.16   30.0482   5.48162
19.18   28.4376   5.33269
19.2   26.9955   5.19572
19.22   25.7033   5.06984
19.24   24.5452   4.95432
19.26   23.5081   4.84851
19.28   22.5556   4.74927
19.3   21.7293   4.66147
19.32   20.9957   4.5821
19.34   20.3483   4.51091
19.36   20.2126   4.49585
19.38   19.7354   4.44246
19.4   19.3327   4.4
19.42   19.0023   4.4
19.44   18.7431   4.4
19.46   18.5552   4.4
19.48   19.856   4.456
19.5   19.854   4.45578
19.52   19.9311   4.46443
19.54   20.092   4.48241
19.56   20.3429   4.51031
19.58   20.6921   4.54886
19.6   21.1501   4.59892
19.62   21.7301   4.66155
19.64   22.449   4.73803
19.66   23.328   4.82991
19.68   24.3942   4.93905
19.7   25.682   5.06775
19.72   27.236   5.21881
19.74   29.1137   5.39571
19.76   31.3911   5.60277
19.78   34.1693   5.84545
19.8   37.5852   6.13068
19.82   41.8275   6.46742
19.84   47.1613   6.86741
19.86   52.2639   7.22938
19.88   61.1525   7.82001
19.9   72.9479   8.54095
19.92   89.0966   9.4391
19.94   112.251   10.5948
19.96   147.654   12.1513
19.98   205.161   14.3234
20   302.574   17.3947
20.02   462.018   21.4946
20.04   696.879   26.3985
20.06   963.276   31.0367
20.08   1075.94   32.8015
20.1   910.491   30.1743
20.12   639.678   25.2919
20.14   419.866   20.4906
20.16   276.035   16.6143
20.18   189.538   13.7673
20.2   138.363   11.7628
20.22   106.863   10.3375
20.24   86.1599   9.28224
20.26   71.7516   8.47063
20.28   61.3473   7.83245
20.3   53.6735   7.32622
20.32   47.9522   6.92475
20.34   43.6789   6.609
20.36   40.516   6.36522
20.38   38.2345   6.18341
20.4   36.6788   6.0563
20.42   35.7455   5.97876
20.44   35.3704   5.9473
20.46   35.5202   5.95988
20.48   36.1892   6.01575
20.5   37.398   6.11539
20.52   39.1957   6.26064
20.54   41.6652   6.45486
20.56   44.9333   6.70323
20.58   49.187   7.01335
20.6   54.7017   7.39606
20.62   61.8905   7.86705
20.64   71.4041   8.4501
20.66   84.3593   9.18473
20.68   102.846   10.1413
20.7   130.84   11.4385
20.72   175.212   13.2368
20.74   245.627   15.6725
20.76   350.693   18.7268
20.78   481.747   21.9487
20.8   578.573   24.0536
20.82   580.198   24.0873
20.84   552.953   23.5149
20.86   592.57   24.3428
20.88   748.208   27.3534
20.9   1033.28   32.1447
20.92   1372.03   37.041
20.94   1498.77   38.7139
20.96   1250.66   35.3647
20.98   875.064   29.5815
21   575.218   23.9837
21.02   379.448   19.4794
21.04   261.092   16.1583
21.06   190.184   13.7907
21.08   145.711   12.0711
21.1   115.818   10.7619
21.12   94.4853   9.72035
21.14   78.6185   8.86671
21.16   67.703   8.22818
21.18   58.2347   7.63116
21.2   50.6961   7.12012
21.22   44.599   6.67825
21.24   39.5998   6.29284
21.26   35.4733   5.95595
21.28   32.0878   5.66461
21.3   29.1463   5.39873
21.32   26.6365   5.16105
21.34   24.4794   4.94766
21.36   22.6136   4.75537
21.38   20.9905   4.58154
21.4   19.5716   4.42398
21.42   18.3258   4.4
21.44   17.2279   4.4
21.46   16.7074   4.4
21.48   15.86   4.4
21.5   15.2226   4.4
21.52   14.5608   4.4
21.54   12.9479   4.4
21.56   12.457   4.4
21.58   12.0214   4.4
21.6   11.6442   4.4
21.62   11.3161   4.4
21.64   11.0331   4.4
21.66   10.7919   4.4
21.68   10.5897   4.4
21.7   10.4242   4.4
21.72   10.2936   4.4
21.74   10.1966   4.4
21.76   10.132   4.4
21.78   10.0993   4.4
21.8   10.0981   4.4
21.82   10.1285   4.4
21.84   10.1908   4.4
21.86   10.2857   4.4
21.88   11.2251   4.4
21.9   11.5812   4.4
21.92   11.8103   4.4
21.94   12.08   4.4
21.96   12.3935   4.4
21.98   12.7543   4.4
22   13.1668   4.4
22.02   13.6364   4.4
22.04   14.1693   4.4
22.06   14.7733   4.4
22.08   16.4822   4.4
22.1   17.2863   4.4
22.12   18.1968   4.4
22.14   19.2307   4.4
22.16   20.4092   4.51765
22.18   21.7591   4.66466
22.2   23.3151   4.82857
22.22   25.1231   5.0123
22.24   27.2473   5.2199
22.26   29.3721   5.41961
22.28   32.4879   5.69982
22.3   37.2757   6.10538
22.32   43.2993   6.58022
22.34   50.2172   7.08641
22.36   59.1523   7.69105
22.38   69.2556   8.32199
22.4   76.3555   8.73816
22.42   83.0378   9.11251
22.44   91.8028   9.58138
22.46   105.736   10.2828
22.48   127.149   11.276
22.5   159.899   12.6451
22.52   211.99   14.5599
22.54   298.703   17.283
22.56   444.053   21.0726
22.58   674.904   25.9789
22.6   992.091   31.4975
22.62   1279.22   35.7661
22.64   1282.37   35.8103
22.66   1008.75   31.7608
22.68   715.815   26.7547
22.7   518.149   22.7629
22.72   411.347   20.2817
22.74   353.351   18.7976
22.76   302.105   17.3812
22.78   253.846   15.9325
22.8   223.938   14.9646
22.82   219.771   14.8247
22.84   246.57   15.7026
22.86   312.132   17.6673
22.88   421.724   20.5359
22.9   553.07   23.5174
22.92   619.352   24.8868
22.94   557.301   23.6072
22.96   427.227   20.6695
22.98   304.031   17.4365
23   217.081   14.7337
23.02   163.492   12.7864
23.04   132.41   11.5069
23.06   114.843   10.7165
23.08   105.295   10.2614
23.1   100.94   10.0469
23.12   100.516   10.0258
23.14   103.616   10.1792
23.16   110.401   10.5072
23.18   121.595   11.027
23.2   138.768   11.78
23.22   165.155   12.8513
23.24   207.352   14.3997
23.26   277.715   16.6648
23.28   395.467   19.8863
23.3   581.931   24.1232
23.32   837.169   28.9339
23.34   1067.26   32.6689
23.36   1072.13   32.7434
23.38   860.076   29.327
23.4   633.682   25.173
23.42   484.873   22.0198
23.44   419.029   20.4702
23.46   427.929   20.6864
23.48   513.018   22.6499
23.5   684.838   26.1694
23.52   937.443   30.6177
23.54   1169.45   34.1972
23.56   1167.61   34.1704
23.58   939.981   30.6591
23.6   700.986   26.4761
23.62   547.382   23.3962
23.64   485.978   22.0449
23.66   510.899   22.6031
23.68   628.247   25.0649
23.7   857.113   29.2765
23.72   1186.39   34.444
23.74   1502.87   38.7668
23.76   1619.34   40.241
23.78   1475.43   38.4113
23.8   1132.17   33.6478
23.82   779.062   27.9117
23.84   522.552   22.8594
23.86   359.68   18.9652
23.88   260.464   16.1389
23.9   199.015   14.1073
23.92   158.768   12.6003
23.94   130.659   11.4306
23.96   110.007   10.4884
23.98   94.2957   9.7106
24   82.0402   9.0576
24.02   73.7315   8.58671
24.04   65.8871   8.11709
24.06   59.4635   7.71126
24.08   54.7795   7.40132
24.1   51.5346   7.17876
24.12   46.6365   6.82909
24.14   43.5332   6.59797
24.16   40.8973   6.3951
24.18   38.6514   6.21703
24.2   36.7348   6.06092
24.22   34.986   5.9149
24.24   33.5966   5.79626
24.26   32.4193   5.69379
24.28   31.4294   5.60619
24.3   30.6071   5.53237
24.32   29.9364   5.47141
24.34   29.4045   5.42259
24.36   29.0852   5.39307
24.38   28.3598   5.3254
24.4   28.2075   5.31107
24.42   28.0536   5.29656
24.44   28.1242   5.30322
24.46   28.5682   5.34492
24.48   28.8634   5.37246
24.5   29.2703   5.4102
24.52   29.7931   5.4583
24.54   30.4374   5.51701
24.56   31.211   5.58668
24.58   32.1236   5.66777
24.6   33.1873   5.76084
24.62   34.4172   5.86662
24.64   35.8315   5.98595
24.66   37.4527   6.11986
24.68   39.3081   6.26962
24.7   41.431   6.43669
24.72   43.8625   6.62288
24.74   46.6533   6.83032
24.76   49.8664   7.06161
24.78   53.5808   7.31989
24.8   57.8969   7.609
24.82   62.9427   7.93365
24.84   67.9358   8.24232
24.86   75.0176   8.66127
24.88   83.5053   9.13813
24.9   93.7957   9.68482
24.92   106.438   10.3169
24.94   122.212   11.055
24.96   142.249   11.9268
24.98   168.253   12.9712
25   202.943   14.2458
25.02   251.067   15.8451
25.04   320.781   17.9104
25.06   432.272   20.7912
25.08   617.609   24.8517
25.1   926.23   30.434
25.12   1408.06   37.5242
25.14   2042.19   45.1906
25.16   2540.71   50.4055
25.18   2423.92   49.2333
25.2   1832.82   42.8115
25.22   1251.46   35.3759
25.24   849.013   29.1378
25.26   607.715   24.6519
25.28   474.055   21.7728
25.3   405.219   20.1301
25.32   376.071   19.3926
25.34   375.722   19.3835
25.36   403.108   20.0775
25.38   466.114   21.5897
25.4   584.402   24.1744
25.42   792.818   28.157
25.44   1138.41   33.7403
25.46   1652.47   40.6506
25.48   2244   47.3708
25.5   2626.9   51.2533
25.52   2690.56   51.8706
25.54   2540.05   50.3989
25.56   2156.99   46.4434
25.58   1597.02   39.9628
25.6   1093.19   33.0635
25.62   743.612   27.2692
25.64   524.346   22.8986
25.66   390.757   19.7676
25.68   308.323   17.5591
25.7   256.438   16.0137
25.72   225.32   15.0107
25.74   209.052   14.4586
25.76   208.032   14.4233
25.78   217.208   14.738
25.8   225.768   15.0256
25.82   221.429   14.8805
25.84   217.558   14.7499
25.86   234.234   15.3047
25.88   277.443   16.6566
25.9   329.399   18.1494
25.92   336.168   18.3349
25.94   277.728   16.6652
25.96   203.98   14.2822
25.98   147.086   12.1279
26   109.754   10.4764
26.02   86.4323   9.2969
26.04   71.6757   8.46615
26.06   61.7625   7.85891
26.08   54.6222   7.39068
26.1   49.1958   7.01397
26.12   44.9243   6.70256
26.14   41.4816   6.44062
26.16   38.6591   6.21764
26.18   36.3156   6.02624
26.2   34.9721   5.91372
26.22   33.5682   5.79381
26.24   32.1938   5.67396
26.26   31.0375   5.57113
26.28   30.1055   5.48685
26.3   30.2566   5.5006
26.32   29.6322   5.44355
26.34   29.1456   5.39867
26.36   28.7875   5.36539
26.38   28.5515   5.34336
26.4   28.434   5.33235
26.42   28.4333   5.33229
26.44   28.5501   5.34323
26.46   28.7874   5.36539
26.48   29.1502   5.39909
26.5   29.6464   5.44485
26.52   30.2865   5.50332
26.54   31.1273   5.57919
26.56   32.1034   5.66598
26.58   33.2797   5.76886
26.6   34.687   5.88956
26.62   36.2488   6.0207
26.64   35.9757   5.99797
26.66   38.4307   6.19925
26.68   42.3773   6.50979
26.7   45.9581   6.77924
26.72   50.3437   7.09533
26.74   55.7488   7.46651
26.76   62.595   7.9117
26.78   71.539   8.45807
26.8   83.7908   9.15373
26.82   101.707   10.085
26.84   129.633   11.3856
26.86   174.322   13.2031
26.88   243.379   15.6006
26.9   337.465   18.3702
26.92   425.508   20.6278
26.94   438.193   20.9331
26.96   376.223   19.3965
26.98   309.551   17.5941
27   274.364   16.5639
27.02   274.175   16.5582
27.04   307.537   17.5367
27.06   384.693   19.6136
27.08   524.931   22.9114
27.1   760.111   27.5701
27.12   1116.16   33.4089
27.14   1547.97   39.3442
27.16   1865.44   43.1907
27.18   1931.16   43.945
27.2   1773.13   42.1085
27.22   1403.11   37.4581
27.24   996.098   31.561
27.26   697.522   26.4106
27.28   520.428   22.8129
27.3   437.742   20.9223
27.32   421.602   20.533
27.34   439.292   20.9593
27.36   434.932   20.855
27.38   378.91   19.4656
27.4   313.264   17.6993
27.42   268.365   16.3819
27.44   239.869   15.4877
27.46   214.912   14.6599
27.48   195.353   13.9769
27.5   186.936   13.6725
27.52   191.648   13.8437
27.54   209.724   14.4818
27.56   246.287   15.6935
27.58   311.74   17.6561
27.6   423.676   20.5834
27.62   603.773   24.5718
27.64   859.798   29.3223
27.66   1126.99   33.5706
27.68   1256.55   35.4478
27.7   1263.07   35.5397
27.72   1298.63   36.0364
27.74   1318.91   36.3168
27.76   1145.76   33.8491
27.78   843.981   29.0513
27.8   581.76   24.1197
27.82   404.569   20.1139
27.84   295.743   17.1972
27.86   231.552   15.2168
27.88   194.262   13.9378
27.9   173.946   13.1888
27.92   165.445   12.8626
27.94   167.376   12.9374
27.96   178.348   13.3547
27.98   192.819   13.8859
28   207.442   14.4028
28.02   227.726   15.0906
28.04   273.693   16.5437
28.06   364.835   19.1007
28.08   522.359   22.8552
28.1   756.452   27.5037
28.12   1014.93   31.858
28.14   1109.3   33.3061
28.16   931.29   30.517
28.18   660.246   25.6953
28.2   441.156   21.0037
28.22   297.126   17.2373
28.24   210.367   14.504
28.26   158.024   12.5708
28.28   125.278   11.1927
28.3   103.361   10.1667
28.32   87.7998   9.37015
28.34   76.2964   8.73478
28.36   67.5641   8.21974
28.38   60.8112   7.79815
28.4   55.4919   7.44929
28.42   51.005   7.14178
28.44   47.6906   6.90584
28.46   45.063   6.7129
28.48   42.9968   6.55719
28.5   41.4012   6.43438
28.52   40.211   6.34122
28.54   39.3803   6.27537
28.56   38.8781   6.23523
28.58   38.6863   6.21983
28.6   38.7978   6.22879
28.62   38.0829   6.17113
28.64   38.8201   6.23058
28.66   38.9489   6.24091
28.68   40.4872   6.36296
28.7   42.4739   6.5172
28.72   45.0065   6.70869
28.74   48.2063   6.94307
28.76   52.2525   7.22859
28.78   57.4053   7.57663
28.8   64.0533   8.00333
28.82   72.5799   8.51938
28.84   84.4745   9.191
28.86   101.504   10.0749
28.88   127.554   11.294
28.9   169.775   13.0298
28.92   239.352   15.471
28.94   348.333   18.6637
28.96   496.031   22.2718
28.98   626.633   25.0326
29   626.362   25.0272
29.02   507.061   22.518
29.04   385.254   19.6279
29.06   311.745   17.6563
29.08   289.959   17.0282
29.1   313.196   17.6973
29.12   369.618   19.2255
29.14   433.737   20.8264
29.16   461.338   21.4788
29.18   434.62   20.8475
29.2   405.792   20.1443
29.22   420.891   20.5156
29.24   499.191   22.3426
29.26   638.854   25.2756
29.28   796.479   28.222
29.3   881.723   29.6938
29.32   894.479   29.9078
29.34   939.681   30.6542
29.36   1083.78   32.9207
29.38   1318.84   36.3158
29.4   1656.94   40.7056
29.42   2065.26   45.4451
29.44   2250.44   47.4388
29.46   1933.79   43.9749
29.48   1390.02   37.2829
29.5   938.215   30.6303
29.52   641.203   25.322
29.54   465.152   21.5674
29.56   367.412   19.168
29.58   318.781   17.8545
29.6   305.3   17.4728
29.62   329.346   18.1479
29.64   397.826   19.9456
29.66   516.728   22.7316
29.68   666.875   25.8239
29.7   774.282   27.8259
29.72   726.507   26.9538
29.74   553.818   23.5333
29.76   383.588   19.5854
29.78   263.28   16.2259
29.8   187.618   13.6974
29.82   141.129   11.8798
29.84   111.922   10.5793
29.86   92.3347   9.60909
29.88   78.2951   8.84845
29.9   67.7291   8.22977
29.92   59.513   7.71447
29.94   52.972   7.27819
29.96   47.6675   6.90417
29.98   43.3004   6.58031
30   39.66   6.29762
30.02   36.9798   6.0811
30.04   34.3879   5.86412
30.06   32.5937   5.70909
30.08   30.7093   5.5416
30.1   29.0925   5.39375
30.12   27.7055   5.26361
30.14   26.5518   5.15284
30.16   25.5436   5.05407
30.18   24.6956   4.96946
30.2   23.9948   4.89845
30.22   23.4325   4.84072
30.24   23.2441   4.82121
30.26   22.9533   4.79096
30.28   23.6479   4.86292
30.3   23.6587   4.86402
30.32   23.8284   4.88143
30.34   24.1839   4.91771
30.36   24.774   4.97735
30.38   25.8966   5.08887
30.4   27.3089   5.22579
30.42   29.4614   5.42784
30.44   32.695   5.71795
30.46   36.9499   6.07864
30.48   40.7253   6.38164
30.5   42.892   6.5492
30.52   43.1873   6.5717
30.54   44.1611   6.64538
30.56   47.2261   6.87212
30.58   53.0677   7.28476
30.6   62.784   7.92364
30.62   78.6796   8.87015
30.64   105.713   10.2817
30.66   149.868   12.2421
30.68   215.925   14.6944
30.7   294.493   17.1608
30.72   338.867   18.4084
30.74   307.727   17.5422
30.76   242.591   15.5753
30.78   192.913   13.8893
30.8   174.065   13.1934
30.82   187.619   13.6974
30.84   232.672   15.2536
30.86   300.355   17.3307
30.88   349.04   18.6826
30.9   323.122   17.9756
30.92   253.263   15.9142
30.94   192.143   13.8616
30.96   156.538   12.5115
30.98   145.354   12.0563
31   154.722   12.4387
31.02   179.604   13.4016
31.04   211.857   14.5553
31.06   233.995   15.2969
31.08   225.369   15.0123
31.1   202.088   14.2158
31.12   191.453   13.8367
31.14   205.591   14.3384
31.16   253.591   15.9245
31.18   348.217   18.6606
31.2   501.405   22.3921
31.22   700.773   26.4721
31.24   841.905   29.0156
31.26   783.13   27.9845
31.28   593.65   24.3649
31.3   419.223   20.4749
31.32   303.733   17.4279
31.34   239.706   15.4825
31.36   212.113   14.5641
31.38   211.181   14.5321
31.4   235.716   15.353
31.42   293.153   17.1217
31.44   397.033   19.9257
31.46   556.937   23.5995
31.48   745.184   27.2981
31.5   862.913   29.3754
31.52   827.956   28.7742
31.54   673.357   25.9491
31.56   512.585   22.6403
31.58   407.786   20.1937
31.6   357.798   18.9155
31.62   352.344   18.7708
31.64   398.1   19.9524
31.66   510.691   22.5985
31.68   700.336   26.4639
31.7   939.12   30.6451
31.72   1124   33.5262
31.74   1106.15   33.2588
31.76   886.58   29.7755
31.78   650.995   25.5146
31.8   499.761   22.3553
31.82   435.735   20.8743
31.84   421.534   20.5313
31.86   395.507   19.8874
31.88   335.994   18.3301
31.9   268.109   16.374
31.92   205.522   14.3361
31.94   158.163   12.5763
31.96   127.625   11.2971
31.98   108.384   10.4108
32   93.8101   9.68556
32.02   81.34   9.01887
32.04   71.8608   8.47707
32.06   65.6426   8.10201
32.08   62.2742   7.8914
32.1   61.3973   7.83564
32.12   62.9598   7.93472
32.14   67.3645   8.20759
32.16   75.7528   8.70361
32.18   90.374   9.50652
32.2   116.576   10.797
32.22   161.944   12.7257
32.24   236.004   15.3624
32.26   341.233   18.4725
32.28   450.387   21.2223
32.3   490.237   22.1413
32.32   415.389   20.3811
32.34   295.327   17.1851
32.36   196.849   14.0303
32.38   132.131   11.4948
32.4   92.7974   9.63314
32.42   69.1672   8.31668
32.44   54.333   7.37109
32.46   44.3483   6.65946
32.48   37.1789   6.09745
32.5   31.8293   5.64175
32.52   27.704   5.26346
32.54   24.3178   4.93131
32.56   21.8038   4.66946
32.58   19.667   4.43474
32.6   17.8952   4.4
32.62   16.4082   4.4
32.64   15.1472   4.4
32.66   14.0684   4.4
32.68   13.1385   4.4
32.7   11.8856   4.4
32.72   10.8752   4.4
32.74   10.4875   4.4
32.76   10.6428   4.4
32.78   10.2143   4.4
32.8   9.84521   4.4
32.82   9.53416   4.4
32.84   9.2676   4.4
32.86   9.04678   4.4
32.88   8.86949   4.4
32.9   8.78748   4.4
32.92   8.82686   4.4
32.94   8.78231   4.4
32.96   8.78299   4.4
32.98   8.04132   4.4
33   8.16524   4.4
33.02   8.60379   4.4
33.04   8.90393   4.4
33.06   9.21735   4.4
33.08   9.66699   4.4
33.1   10.2457   4.4
33.12   11.0174   4.4
33.14   11.9832   4.4
33.16   13.2691   4.4
33.18   14.7201   4.4
33.2   17.0775   4.4
33.22   20.0881   4.48198
33.24   25.1671   5.01669
33.26   33.3993   5.77922
33.28   46.91   6.84909
33.3   68.7427   8.29112
33.32   100.57   10.0284
33.34   136.35   11.6769
33.36   159.351   12.6234
33.38   151.222   12.2972
33.4   116.574   10.7969
33.42   80.6616   8.98118
33.44   54.9974   7.41603
33.46   39.0556   6.24945
33.48   29.6347   5.44378
33.5   24.0653   4.90564
33.52   20.63   4.54203
33.54   18.4143   4.4
33.56   16.9669   4.4
33.58   16.2164   4.4
33.6   15.6584   4.4
33.62   15.393   4.4
33.64   15.4028   4.4
33.66   15.587   4.4
33.68   15.9636   4.4
33.7   16.5284   4.4
33.72   17.2878   4.4
33.74   18.3323   4.4
33.76   19.1544   4.4
33.78   20.7947   4.56012
33.8   22.6682   4.76111
33.82   24.998   4.9998
33.84   27.9424   5.28605
33.86   31.7736   5.6368
33.88   37.0001   6.08277
33.9   44.583   6.67705
33.92   56.1617   7.49411
33.94   73.9884   8.60165
33.96   99.8946   9.99473
33.98   131.095   11.4497
34   152.319   12.3418
34.02   149.41   12.2233
34.04   136.104   11.6664
34.06   130.585   11.4274
34.08   140.161   11.839
34.1   169.42   13.0161
34.12   226.238   15.0412
34.14   322.749   17.9652
34.16   468.202   21.638
34.18   642.659   25.3507
34.2   781.202   27.95
34.22   834.118   28.8811
34.24   762.893   27.6205
34.26   595.678   24.4065
34.28   442.16   21.0276
34.3   351.892   18.7588
34.32   322.654   17.9626
34.34   331.682   18.2121
34.36   336.176   18.3351
34.38   312.606   17.6807
34.4   293.555   17.1335
34.42   307.893   17.5469
34.44   352.123   18.7649
34.46   383.242   19.5766
34.48   356.154   18.872
34.5   296.093   17.2074
34.52   243.4   15.6013
34.54   215.734   14.6879
34.56   213.932   14.6264
34.58   234.162   15.3024
34.6   283.122   16.8262
34.62   369   19.2094
34.64   488.187   22.095
34.66   603.703   24.5704
34.68   623.73   24.9746
34.7   526.839   22.953
34.72   398.627   19.9656
34.74   288.947   16.9984
34.76   213.615   14.6156
34.78   168.347   12.9749
34.8   138.087   11.7511
34.82   114.119   10.6826
34.84   97.5276   9.87561
34.86   89.1679   9.44287
34.88   87.6449   9.36189
34.9   90.6354   9.52026
34.92   95.5698   9.77598
34.94   107.057   10.3469
34.96   131.926   11.4859
34.98   173.408   13.1685
35   222.613   14.9202
35.02   245.799   15.678
35.04   220.803   14.8595
35.06   181.033   13.4549
35.08   156.984   12.5293
35.1   152.981   12.3685
35.12   162.231   12.737
35.14   183.977   13.5638
35.16   221.317   14.8767
35.18   256.362   16.0113
35.2   262.555   16.2036
35.22   242.682   15.5783
35.24   200.936   14.1752
35.26   148.639   12.1918
35.28   104.589   10.2269
35.3   74.5284   8.63298
35.32   55.5703   7.45455
35.34   43.7289   6.61278
35.36   36.0666   6.00555
35.38   30.8178   5.55138
35.4   27.0274   5.19879
35.42   24.1878   4.91811
35.44   22.0114   4.69163
35.46   20.2358   4.49842
35.48   18.9731   4.4
35.5   17.933   4.4
35.52   17.1422   4.4
35.54   16.5481   4.4
35.56   16.124   4.4
35.58   15.852   4.4
35.6   15.7213   4.4
35.62   15.7267   4.4
35.64   15.8687   4.4
35.66   15.7972   4.4
35.68   16.2451   4.4
35.7   16.8654   4.4
35.72   17.1914   4.4
35.74   18.2607   4.4
35.76   19.6318   4.43078
35.78   21.3844   4.62433
35.8   23.7453   4.87291
35.82   26.6548   5.16283
35.84   30.6813   5.53907
35.86   36.4721   6.03922
35.88   44.9753   6.70636
35.9   57.5948   7.58913
35.92   75.5404   8.6914
35.94   99.1588   9.95785
35.96   126.46   11.2454
35.98   163.231   12.7762
36   217.209   14.738
36.02   272.85   16.5182
36.04   282.491   16.8075
36.06   238.264   15.4358
36.08   188.21   13.719
36.1   160.628   12.6739
36.12   159.559   12.6317
36.14   182.373   13.5045
36.16   218.414   14.7788
36.18   246.952   15.7147
36.2   257.583   16.0494
36.22   266.492   16.3246
36.24   301.891   17.375
36.26   375.996   19.3906
36.28   476.469   21.8282
36.3   571.942   23.9153
36.32   629.82   25.0962
36.34   629.861   25.097
36.36   533.93   23.1069
36.38   386.61   19.6624
36.4   261.593   16.1738
36.42   177.822   13.335
36.44   125.621   11.2081
36.46   93.8114   9.68563
36.48   73.5852   8.57818
36.5   60.165   7.75661
36.52   50.743   7.12342
36.54   43.7215   6.61222
36.56   38.4046   6.19715
36.58   34.31   5.85747
36.6   31.0879   5.57565
36.62   28.5942   5.34736
36.64   26.5013   5.14794
36.66   25.0393   5.00393
36.68   23.8933   4.88807
36.7   23.0492   4.80096
36.72   22.648   4.75899
36.74   22.46   4.73919
36.76   22.5947   4.75339
36.78   23.2633   4.82321
36.8   24.2984   4.92934
36.82   26.125   5.11126
36.84   29.2936   5.41236
36.86   34.737   5.89381
36.88   43.6661   6.60803
36.9   56.7986   7.53649
36.92   71.4439   8.45245
36.94   77.4059   8.79806
36.96   68.7064   8.28894
36.98   55.2396   7.43233
37   44.914   6.70179
37.02   38.8421   6.23234
37.04   36.0443   6.00369
37.06   35.4177   5.95128
37.08   36.2635   6.02192
37.1   38.2828   6.18731
37.12   41.4995   6.44201
37.14   46.2516   6.80085
37.16   53.3485   7.30401
37.18   64.3819   8.02384
37.2   81.9659   9.0535
37.22   109.338   10.4565
37.24   147.859   12.1597
37.26   188.546   13.7312
37.28   205.871   14.3482
37.3   189.896   13.7803
37.32   163.8   12.7984
37.34   147.996   12.1653
37.36   148.44   12.1836
37.38   164.677   12.8326
37.4   195.374   13.9776
37.42   240.894   15.5208
37.44   313.024   17.6925
37.46   429.646   20.7279
37.48   592.29   24.337
37.5   761.394   27.5934
37.52   843.775   29.0478
37.54   792.737   28.1556
37.56   676.212   26.0041
37.58   569.898   23.8725
37.6   519.993   22.8034
37.62   533.383   23.0951
37.64   618.805   24.8758
37.66   807.34   28.4137
37.68   1110.05   33.3173
37.7   1429.01   37.8022
37.72   1493.07   38.6402
37.74   1228.46   35.0494
37.76   896.727   29.9454
37.78   652.156   25.5374
37.8   514.426   22.681
37.82   472.89   21.746
37.84   516.524   22.7272
37.86   627.858   25.0571
37.88   742.024   27.2401
37.9   731.014   27.0373
37.92   591.132   24.3132
37.94   446.183   21.123
37.96   352.132   18.7652
37.98   299.467   17.3051
38   256.115   16.0036
38.02   211.101   14.5293
38.04   176.365   13.2803
38.06   159.026   12.6106
38.08   159.237   12.6189
38.1   174.311   13.2027
38.12   197.07   14.0382
38.14   221.752   14.8913
38.16   245.24   15.6601
38.18   262.553   16.2035
38.2   269.466   16.4154
38.22   268.98   16.4006
38.24   250.625   15.8311
38.26   202.316   14.2238
38.28   148.804   12.1985
38.3   108.623   10.4222
38.32   82.5547   9.08596
38.34   66.4797   8.15351
38.36   56.6018   7.52342
38.38   50.4261   7.10113
38.4   46.527   6.82107
38.42   44.4319   6.66573
38.44   43.8624   6.62287
38.46   44.6317   6.68069
38.48   46.0573   6.78655
38.5   46.923   6.85004
38.52   46.9956   6.85533
38.54   47.6656   6.90403
38.56   49.5153   7.03671
38.58   53.3603   7.30481
38.6   59.6912   7.72601
38.62   69.4813   8.33555
38.64   84.8229   9.20993
38.66   109.894   10.483
38.68   151.9   12.3248
38.7   220.658   14.8546
38.72   323.496   17.986
38.74   444.896   21.0926
38.76   516.837   22.734
38.78   490.401   22.145
38.8   408.432   20.2097
38.82   311.02   17.6357
38.84   226.941   15.0646
38.86   171.698   13.1033
38.88   142.833   11.9513
38.9   134.673   11.6049
38.92   145.554   12.0646
38.94   179.118   13.3835
38.96   242.69   15.5785
38.98   339.346   18.4213
39   447.29   21.1492
39.02   495.41   22.2578
39.04   430.472   20.7478
39.06   312.596   17.6804
39.08   212.827   14.5886
39.1   146.333   12.0968
39.12   106.221   10.3064
39.14   82.5421   9.08527
39.16   68.3356   8.26653
39.18   58.8364   7.67049
39.2   52.7336   7.26179
39.22   49.6321   7.04501
39.24   48.413   6.95795
39.26   48.9715   6.99796
39.28   51.4151   7.17044
39.3   56.1607   7.49404
39.32   64.1652   8.01032
39.34   77.5076   8.80384
39.36   100.077   10.0039
39.38   138.232   11.7572
39.4   202.177   14.2189
39.42   296.842   17.2291
39.44   405.182   20.1291
39.46   454.223   21.3125
39.48   391.354   19.7827
39.5   286.64   16.9305
39.52   204.338   14.2947
39.54   156.32   12.5028
39.56   137.511   11.7265
39.58   141.848   11.91
39.6   165.068   12.8479
39.62   205.001   14.3178
39.64   249.651   15.8003
39.66   258.319   16.0723
39.68   214.104   14.6323
39.7   157.164   12.5365
39.72   114.829   10.7158
39.74   89.9056   9.48186
39.76   78.31   8.84929
39.78   74.4807   8.63022
39.8   73.0513   8.54701
39.82   72.9554   8.54139
39.84   73.265   8.5595
39.86   74.7999   8.64869
39.88   82.405   9.07772
39.9   102.039   10.1015
39.92   139.62   11.8161
39.94   199.168   14.1127
39.96   270.617   16.4504
39.98   306.674   17.5121
40   266.468   16.3238
40.02   192.66   13.8802
40.04   130.992   11.4452
40.06   90.2232   9.49859
40.08   65.6641   8.10334
40.1   51.2664   7.16005
40.12   42.6289   6.52908
40.14   37.2275   6.10143
40.16   33.7914   5.81304
40.18   31.6979   5.63009
40.2   30.6322   5.53463
40.22   30.2234   5.49758
40.24   30.8208   5.55165
40.26   32.2196   5.67623
40.28   34.7491   5.89484
40.3   38.5584   6.20954
40.32   44.1495   6.64451
40.34   52.476   7.24403
40.36   65.3734   8.08538
40.38   86.1561   9.28203
40.4   120.012   10.955
40.42   173.171   13.1595
40.44   247.258   15.7244
40.46   324.155   18.0043
40.48   376.27   19.3977
40.5   404.113   20.1026
40.52   398.642   19.966
40.54   362.36   19.0358
40.56   308.002   17.55
40.58   235.301   15.3395
40.6   167.699   12.9499
40.62   120.25   10.9659
40.64   91.4132   9.56102
40.66   75.8296   8.70802
40.68   69.6956   8.34839
40.7   70.1755   8.37708
40.72   75.6798   8.69941
40.74   84.9411   9.21635
40.76   100.742   10.037
40.78   128.181   11.3217
40.8   164.678   12.8327
40.82   194.905   13.9608
40.84   198.673   14.0952
40.86   167.552   12.9442
40.88   125.712   11.2121
40.9   94.7557   9.73425
40.92   77.602   8.8092
40.94   69.3455   8.3274
40.96   64.0529   8.00331
40.98   58.3742   7.6403
41   50.8048   7.12775
41.02   43.6966   6.61034
41.04   39.2153   6.26221
41.06   37.5643   6.12897
41.08   38.3514   6.19285
41.1   41.1245   6.41284
41.12   45.0466   6.71168
41.14   50.5896   7.11264
41.16   59.3941   7.70676
41.18   74.826   8.6502
41.2   102.032   10.1011
41.22   148.402   12.182
41.24   221.507   14.8831
41.26   318.758   17.8538
41.28   397.062   19.9264
41.3   381.592   19.5344
41.32   292.38   17.0991
41.34   205.165   14.3236
41.36   145.227   12.051
41.38   106.626   10.326
41.4   80.9357   8.99643
41.42   63.7896   7.98684
41.44   51.6102   7.18403
41.46   43.4262   6.58985
41.48   38.1805   6.17904
41.5   35.1886   5.932
41.52   34.0125   5.83202
41.54   34.5547   5.87832
41.56   37.1676   6.09652
41.58   42.8867   6.5488
41.6   53.696   7.32776
41.62   72.4234   8.51019
41.64   101.346   10.0671
41.66   136.59   11.6872
41.68   157.597   12.5538
41.7   143.755   11.9898
41.72   110.129   10.4942
41.74   79.8122   8.93377
41.76   59.686   7.72567
41.78   48.3256   6.95166
41.8   43.353   6.5843
41.82   42.2554   6.50042
41.84   44.698   6.68565
41.86   50.9094   7.13508
41.88   60.0061   7.74636
41.9   71.27   8.44216
41.92   82.4423   9.07977
41.94   90.9461   9.53657
41.96   98.0153   9.90027
41.98   110.837   10.5279
42   135.457   11.6386
42.02   169.164   13.0063
42.04   196.595   14.0212
42.06   209.321   14.4679
42.08   229.399   15.1459
42.1   283.166   16.8275
42.12   373.445   19.3247
42.14   463.322   21.5249
42.16   475.618   21.8087
42.18   398.485   19.9621
42.2   294.233   17.1532
42.22   212.226   14.568
42.24   162.254   12.7379
42.26   139.179   11.7974
42.28   137.703   11.7347
42.3   156.333   12.5033
42.32   199.12   14.111
42.34   270.211   16.4381
42.36   368.027   19.184
42.38   453.891   21.3047
42.4   443.805   21.0667
42.42   343.794   18.5417
42.44   238.2   15.4337
42.46   162.641   12.7531
42.48   115.581   10.7509
42.5   87.9604   9.37872
42.52   71.8851   8.47851
42.54   62.4413   7.90198
42.56   57.1182   7.55766
42.58   54.816   7.40378
42.6   55.1563   7.42673
42.62   58.237   7.63132
42.64   65.2038   8.07489
42.66   79.0974   8.89367
42.68   104.2   10.2078
42.7   144.653   12.0272
42.72   197.856   14.0661
42.74   237.734   15.4186
42.76   224.602   14.9867
42.78   173.36   13.1666
42.8   123.649   11.1198
42.82   89.1991   9.44453
42.84   68.4233   8.27184
42.86   56.5214   7.51807
42.88   49.9257   7.06581
42.9   46.4769   6.8174
42.92   44.7849   6.69215
42.94   44.4065   6.66382
42.96   45.0884   6.71479
42.98   46.7336   6.8362
43   49.3481   7.02482
43.02   53.0268   7.28195
43.04   58.0849   7.62134
43.06   64.6026   8.03758
43.08   73.2587   8.55913
43.1   84.8551   9.21169
43.12   101.029   10.0513
43.14   124.686   11.1663
43.16   161.377   12.7034
43.18   219.131   14.8031
43.2   307.518   17.5362
43.22   428.604   20.7027
43.24   552.125   23.4973
43.26   630.531   25.1104
43.28   694.209   26.3479
43.3   779.476   27.9191
43.32   846.326   29.0917
43.34   842.71   29.0295
43.36   803.069   28.3385
43.38   805.608   28.3832
43.4   824.471   28.7136
43.42   759.873   27.5658
43.44   625.158   25.0032
43.46   506.137   22.4975
43.48   449.521   21.2019
43.5   470.373   21.6881
43.52   573.049   23.9384
43.54   744.915   27.2931
43.56   900.821   30.0137
43.58   887.331   29.7881
43.6   731.511   27.0465
43.62   593.546   24.3628
43.64   544.123   23.3264
43.66   584.333   24.173
43.68   668.654   25.8584
43.7   700.03   26.4581
43.72   630.18   25.1034
43.74   494.334   22.2336
43.76   359   18.9473
43.78   263.121   16.221
43.8   208.12   14.4264
43.82   185.799   13.6308
43.84   190.054   13.786
43.86   215.714   14.6872
43.88   246.642   15.7048
43.9   251.426   15.8564
43.92   222.638   14.9211
43.94   180.083   13.4195
43.96   138.404   11.7645
43.98   106.825   10.3356
44   86.8541   9.31955
44.02   76.3579   8.7383
44.04   73.6143   8.57988
44.06   77.4316   8.79952
44.08   85.538   9.24868
44.1   90.2775   9.50145
44.12   83.8494   9.15693
44.14   72.092   8.4907
44.16   63.1439   7.94631
44.18   59.4472   7.7102
44.2   60.8586   7.80119
44.22   68.229   8.26008
44.24   83.6792   9.14763
44.26   110.306   10.5027
44.28   149.287   12.2183
44.3   191.107   13.8241
44.32   212.782   14.587
44.34   214.87   14.6584
44.36   211.693   14.5497
44.38   191.457   13.8368
44.4   158.657   12.5959
44.42   136.247   11.6725
44.44   134.345   11.5907
44.46   153.208   12.3777
44.48   183.621   13.5507
44.5   198.787   14.0992
44.52   178.686   13.3674
44.54   139.596   11.8151
44.56   104.475   10.2213
44.58   81.0583   9.00324
44.6   68.0351   8.24834
44.62   62.4685   7.9037
44.64   62.5399   7.90822
44.66   67.4207   8.21101
44.68   78.8467   8.87957
44.7   99.7061   9.9853
44.72   135.186   11.6269
44.74   190.947   13.8184
44.76   262.933   16.2152
44.78   331.18   18.1983
44.8   372.76   19.307
44.82   349.355   18.691
44.84   268.068   16.3728
44.86   186.291   13.6489
44.88   128.571   11.3389
44.9   93.0128   9.64431
44.92   72.7284   8.52809
44.94   61.8141   7.8622
44.96   56.8667   7.541
44.98   56.3871   7.50913
45   59.5325   7.71573
45.02   63.4607   7.96622
45.04   64.9281   8.0578
45.06   65.8166   8.11275
45.08   71.3893   8.44922
45.1   80.575   8.97636
45.12   92.2601   9.60521
45.14   106.886   10.3386
45.16   115.627   10.753
45.18   106.736   10.3313
45.2   90.1232   9.49332
45.22   76.3048   8.73526
45.24   68.4189   8.27157
45.26   66.6127   8.16166
45.28   70.1425   8.37511
45.3   78.9406   8.88485
45.32   94.8923   9.74127
45.34   121.837   11.038
45.36   165.376   12.8599
45.38   232.21   15.2385
45.4   320.353   17.8984
45.42   398.284   19.9571
45.44   425.902   20.6374
45.46   391.593   19.7887
45.48   318.152   17.8368
45.5   255.473   15.9835
45.52   225.336   15.0112
45.54   221.756   14.8915
45.56   228.019   15.1003
45.58   242.848   15.5836
45.6   280.476   16.7474
45.62   337.123   18.3609
45.64   374.854   19.3612
45.66   363.085   19.0548
45.68   321.989   17.944
45.7   283.986   16.8519
45.72   263.074   16.2196
45.74   269.997   16.4316
45.76   314.397   17.7312
45.78   389.215   19.7285
45.8   448.76   21.184
45.82   437.027   20.9052
45.84   380.606   19.5091
45.86   334.708   18.295
45.88   331   18.1934
45.9   384.882   19.6184
45.92   502.881   22.425
45.94   666.653   25.8196
45.96   782.549   27.9741
45.98   738.22   27.1702
46   597.042   24.4345
46.02   482.797   21.9727
46.04   436.675   20.8968
46.06   445.467   21.1061
46.08   463.241   21.523
46.1   462.252   21.5
46.12   474.662   21.7867
46.14   512.603   22.6407
46.16   544.763   23.3402
46.18   581.646   24.1173
46.2   667.589   25.8377
46.22   780.797   27.9428
46.24   826.383   28.7469
46.26   755.496   27.4863
46.28   611.426   24.727
46.3   467.653   21.6253
46.32   358.101   18.9235
46.34   288.641   16.9894
46.36   260.185   16.1303
46.38   270.725   16.4537
46.4   319.23   17.867
46.42   403.505   20.0874
46.44   517.007   22.7378
46.46   615.934   24.818
46.48   606.432   24.6258
46.5   484.952   22.0216
46.52   349.555   18.6964
46.54   249.027   15.7806
46.56   180.598   13.4387
46.58   134.861   11.613
46.6   104.334   10.2144
46.62   83.3058   9.1272
46.64   68.7628   8.29234
46.66   58.5678   7.65296
46.68   51.3457   7.16559
46.7   46.3055   6.80481
46.72   43.2199   6.57418
46.74   41.8762   6.47118
46.76   42.7059   6.53498
46.78   45.9715   6.78023
46.8   50.7849   7.12635
46.82   53.044   7.28313
46.84   49.1246   7.00889
46.86   42.6554   6.53111
46.88   37.2566   6.10382
46.9   34.0023   5.83115
46.92   32.6421   5.71332
46.94   33.0901   5.7524
46.96   35.7889   5.98238
46.98   41.4025   6.43448
47   51.7908   7.19658
47.02   69.9981   8.36649
47.04   99.5505   9.9775
47.06   140.604   11.8577
47.08   179.083   13.3822
47.1   186.924   13.672
47.12   157.634   12.5553
47.14   114.495   10.7002
47.16   78.9369   8.88465
47.18   55.3925   7.44262
47.2   41.1381   6.4139
47.22   32.6703   5.71579
47.24   27.4653   5.24073
47.26   24.1214   4.91136
47.28   21.6212   4.64986
47.3   20.1513   4.48901
47.32   19.3157   4.4
47.34   18.982   4.4
47.36   19.1304   4.4
47.38   19.8355   4.4537
47.4   21.1937   4.60367
47.42   23.1346   4.80984
47.44   27.0314   5.19917
47.46   32.8561   5.73203
47.48   42.1744   6.49418
47.5   54.0333   7.35073
47.52   67.785   8.23316
47.54   81.1103   9.00612
47.56   94.1124   9.70116
47.58   113.066   10.6333
47.6   140.579   11.8566
47.62   165.738   12.8739
47.64   163.093   12.7708
47.66   134.324   11.5898
47.68   107.531   10.3697
47.7   95.8985   9.79278
47.72   97.8919   9.89404
47.74   103.625   10.1796
47.76   95.8263   9.78909
47.78   75.2251   8.67324
47.8   55.0615   7.42034
47.82   40.847   6.39116
47.84   31.9953   5.65644
47.86   27.0075   5.19688
47.88   24.3133   4.93085
47.9   23.2064   4.81731
47.92   23.4954   4.84721
47.94   24.9703   4.99703
47.96   28.8733   5.37339
47.98   34.5695   5.87959
48   40.1113   6.33335
48.02   41.7657   6.46264
48.04   40.5168   6.36528
48.06   40.2632   6.34533
48.08   44.1625   6.64548
48.1   54.9123   7.41028
48.12   74.3137   8.62054
48.14   103.6   10.1784
48.16   135.164   11.626
48.18   144.892   12.0371
48.2   122.799   11.0815
48.22   92.3599   9.61041
48.24   68.9269   8.30222
48.26   54.1144   7.35625
48.28   46.0801   6.78823
48.3   42.6947   6.53412
48.32   42.3643   6.50879
48.34   44.3284   6.65795
48.36   48.4295   6.95913
48.38   55.0306   7.41826
48.4   65.0333   8.06432
48.42   80.2617   8.95889
48.44   103.232   10.1603
48.46   138.391   11.764
48.48   190.874   13.8157
48.5   268.845   16.3965
48.52   384.788   19.616
48.54   531.867   23.0622
48.56   653.356   25.5608
48.58   684.124   26.1558
48.6   598.189   24.4579
48.62   446.842   21.1386
48.64   313.806   17.7146
48.66   222.96   14.9318
48.68   163.453   12.7849
48.7   125.095   11.1846
48.72   101.878   10.0934
48.74   89.1241   9.44055
48.76   84.1428   9.17294
48.78   86.2311   9.28607
48.8   96.4828   9.82256
48.82   117.384   10.8344
48.84   151.552   12.3106
48.86   199.922   14.1394
48.88   264.28   16.2567
48.9   334.651   18.2935
48.92   371.996   19.2872
48.94   332.744   18.2413
48.96   247.078   15.7187
48.98   170.696   13.0651
49   119.104   10.9135
49.02   88.0805   9.38512
49.04   70.5511   8.39947
49.06   61.1388   7.81913
49.08   56.632   7.52543
49.1   55.1936   7.42924
49.12   56.2994   7.50329
49.14   60.8498   7.80063
49.16   68.6497   8.28551
49.18   79.244   8.90191
49.2   94.8555   9.73938
49.22   117.248   10.8281
49.24   144.388   12.0162
49.26   176.718   13.2935
49.28   211.828   14.5543
49.3   224.893   14.9964
49.32   201.999   14.2126
49.34   171.282   13.0875
49.36   157.621   12.5547
49.38   164.988   12.8448
49.4   183.926   13.5619
49.42   202.11   14.2165
49.44   223.104   14.9367
49.46   253.723   15.9287
49.48   289.526   17.0155
49.5   329.361   18.1483
49.52   376.445   19.4022
49.54   399.833   19.9958
49.56   348.769   18.6754
49.58   255.472   15.9835
49.6   175.102   13.2326
49.62   121.1   11.0045
49.64   88.1287   9.38769
49.66   68.9674   8.30466
49.68   57.9512   7.61257
49.7   51.958   7.20819
49.72   49.6756   7.04809
49.74   51.048   7.14479
49.76   57.1049   7.55678
49.78   69.9859   8.36576
49.8   92.3099   9.60781
49.82   125.558   11.2052
49.84   166.99   12.9225
49.86   196.77   14.0275
49.88   188.169   13.7175
49.9   154.21   12.4181
49.92   116.306   10.7845
49.94   82.8556   9.1025
49.96   58.4068   7.64243
49.98   42.624   6.5287
50   32.8098   5.72799
